===================================
|     ISBN      || Used  ||  New  |
|===============||=======||=======|
| 9780130175472 || 128.66 || 178.86 |
| 9780132856201 || 119.75 || 167.75 |
| 9780130467126 || 116.04 || 166.24 |
| 9780205034734 || 113.82 || 160.32 |
| 9780133760033 || 104.75 || 154.75 |
| 9780123820105 || 74.69 || 116.19 |
| 9780124059351 || 72.30 || 126.55 |
| 9780132627504 || 61.05 || 95.75 |
| 9780137002696 || 58.30 || 107.30 |
| 9780176408107 || 57.12 || 114.12 |
| 9780073397924 || 47.23 || 117.48 |
| 9780137152735 || 46.92 || 86.62 |
| 9780132091251 || 45.35 || 87.10 |
| 9780132540650 || 45.31 || 94.31 |
| 9780073383170 || 45.20 || 115.65 |
| 9780195427813 || 39.75 || 70.25 |
| 9780132036399 || 39.55 || 62.05 |
| 9780205809387 || 37.86 || 72.06 |
| 9780073525365 || 37.00 || 105.95 |
| 9780131841765 || 34.47 || 71.22 |
| 9780194370677 || 31.95 || 56.50 |
| 9780071793025 || 30.56 || 59.31 |
| 9780078022647 || 28.91 || 100.61 |
| 9780071622431 || 28.46 || 54.96 |
| 9780198290919 || 28.12 || 44.87 |
| 9780123838728 || 28.10 || 61.10 |
| 9780205770779 || 27.55 || 69.10 |
| 9780136006374 || 26.73 || 64.48 |
| 9780201122978 || 26.48 || 42.98 |
| 9780195446364 || 24.80 || 47.30 |
| 9780195423204 || 24.65 || 41.95 |
| 9780195446258 || 24.65 || 55.40 |
| 9780199858101 || 24.19 || 46.19 |
| 9780130084514 || 23.51 || 73.51 |
| 9780131830608 || 22.75 || 36.95 |
| 9780205380992 || 22.66 || 62.41 |
| 9780195446319 || 22.60 || 45.15 |
| 9780073524221 || 22.18 || 78.43 |
| 9780134117003 || 21.63 || 85.88 |
| 9780201122954 || 21.06 || 36.06 |
| 9780201122961 || 20.74 || 37.24 |
| 9780071051606 || 19.01 || 61.26 |
| 9780205553693 || 18.55 || 56.30 |
| 9780133399349 || 18.14 || 52.64 |
| 9780195314403 || 18.05 || 52.55 |
| 9780199666010 || 16.12 || 33.42 |
| 9780132122306 || 15.64 || 70.64 |
| 9780205645718 || 14.25 || 43.55 |
| 9780199656172 || 13.59 || 41.59 |
| 9780070740204 || 11.87 || 48.87 |
| 9780199559381 || 11.21 || 16.71 |
| 9780072822564 || 10.41 || 53.11 |
| 9780136043027 ||  8.87 || 34.87 |
| 9780099289524 ||  8.25 || 12.99 |
| 9780131453616 ||  7.56 || 56.86 |
| 9780130325228 ||  7.33 || 29.83 |
| 9780006485131 ||  7.20 || 12.15 |
| 9780060391683 ||  6.79 || 19.04 |
| 9780198715443 ||  6.65 || 12.40 |
| 9780199006977 ||  6.61 || 30.61 |
| 9780205482931 ||  6.60 || 42.35 |
| 9780073522777 ||  6.46 || 64.96 |
| 9780061787423 ||  6.34 || 11.59 |
| 9780199252541 ||  6.30 || 23.04 |
| 9780143168256 ||  6.10 || 11.05 |
| 9780131816299 ||  6.00 || 61.00 |
| 9780141182490 ||  5.99 ||  9.99 |
| 9780140086836 ||  5.80 || 10.05 |
| 9780156806473 ||  5.48 ||  9.73 |
| 9780073511375 ||  5.10 || 29.85 |
| 9780131344020 ||  4.52 || 19.52 |
| 9780006393832 ||  4.30 ||  9.00 |
| 9780195393590 ||  3.66 || 22.91 |
| 9780199014897 ||  3.60 || 23.55 |
| 9780199536610 ||  3.50 ||  7.45 |
| 9780143050711 ||  3.06 ||  8.56 |
| 9780195182200 ||  3.06 || 13.06 |
| 9780156695008 ||  2.84 ||  7.29 |
| 9780198782650 ||  2.52 || 25.07 |
| 9780199536528 ||  1.55 ||  4.25 |
| 9780199535774 ||  1.49 ||  3.99 |
| 9780140067774 ||  1.36 ||  4.10 |
| 9780062069160 ||  1.18 ||  9.93 |
| 9780143174165 ||  1.00 ||  6.50 |
| 9780195373684 ||  0.75 || 16.25 |
| 9780199766239 ||  0.74 ||  3.69 |
| 9780060913076 ||  0.34 ||  4.59 |
| 9780195431476 ||  0.11 || 26.41 |
| 9780130351173 || -0.08 || 66.67 |
| 9780199536191 || -0.10 ||  2.35 |
| 9780124158429 || -0.14 || 24.86 |
| 9780192802293 || -0.42 ||  8.03 |
| 9780199537051 || -0.52 ||  1.68 |
| 9780176530853 || -0.75 || 35.25 |
| 9780199563715 || -0.78 || 14.72 |
| 9780199537181 || -0.81 ||  0.89 |
| 9780140443332 || -1.10 ||  2.65 |
| 9780199535903 || -1.43 ||  1.27 |
| 9780198724049 || -1.70 ||  3.55 |
| 9780199332342 || -1.89 || 36.11 |
| 9780199665884 || -2.01 || 18.24 |
| 9780199535835 || -2.29 ||  0.41 |
| 9780201122985 || -2.30 || 14.20 |
| 9780190222758 || -2.40 ||  2.30 |
| 9780199535729 || -2.50 ||  0.70 |
| 9780195447538 || -2.69 || 26.51 |
| 9780199536443 || -3.13 || -0.93 |
| 9780195441291 || -3.17 || 15.38 |
| 9780199540334 || -3.60 ||  0.10 |
| 9780199584321 || -3.68 || -0.23 |
| 9780176509460 || -3.75 || 27.50 |
| 9780137079209 || -3.80 || 33.70 |
| 9780199001316 || -3.83 || 17.42 |
| 9780143054351 || -4.68 ||  0.32 |
| 9780133406788 || -4.83 || 44.42 |
| 9780199537006 || -5.47 || -2.77 |
| 9780205846788 || -5.87 || 23.13 |
| 9780199538768 || -5.92 || -3.22 |
| 9780060976255 || -6.01 ||  1.48 |
| 9780199535675 || -6.39 || -2.64 |
| 9780199535811 || -6.44 || -3.74 |
| 9780140449358 || -6.65 || -1.65 |
| 9780143120544 || -6.68 || -1.68 |
| 9780199536092 || -7.75 || -5.05 |
| 9780199325184 || -7.77 || -2.77 |
| 9780199536146 || -8.21 || -5.51 |
| 9780199537129 || -8.21 || -5.51 |
| 9780142437148 || -8.24 ||  2.01 |
| 9780061834813 || -9.29 || -4.04 |
| 9780176503963 || -9.35 || 20.65 |
| 9780199330621 || -9.77 || -1.52 |
| 9780141199450 || -9.84 || -6.84 |
| 9780199303441 || -9.88 || 11.42 |
| 9780199535712 || -10.83 || -9.13 |
| 9780133831535 || -11.00 || 21.75 |
| 9780176252502 || -11.26 || 18.99 |
| 9780205242658 || -11.75 || 28.00 |
| 9780061997228 || -12.00 || -5.26 |
| 9780199226092 || -12.13 ||  4.62 |
| 9780061859977 || -12.24 || -8.00 |
| 9780195379471 || -12.79 || -6.59 |
| 9780195365542 || -13.01 || -5.01 |
| 9780077861803 || -14.27 || 30.03 |
| 9780202306841 || -15.66 || -8.66 |
| 9780199797448 || -16.20 || -10.45 |
| 9780195440201 || -18.34 ||  6.86 |
| 9780199540419 || -18.98 || -15.53 |
| 9780132895590 || -19.11 ||  9.39 |
| 9780133360905 || -20.17 || 24.83 |
| 9780199339136 || -20.23 || 42.22 |
| 9780195443035 || -21.75 ||  8.75 |
| 9780176506902 || -21.94 || 19.76 |
| 9780195337457 || -22.40 || -15.95 |
| 9780176502744 || -22.50 || 19.25 |
| 9780140442533 || -22.65 || -17.90 |
| 9780199538331 || -22.98 || -18.78 |
| 9780192802071 || -23.64 || -17.14 |
| 9780133356816 || -24.46 || 25.54 |
| 9780199535910 || -24.47 || -21.77 |
| 9780199535897 || -24.81 || -22.11 |
| 9780199535866 || -24.96 || -22.26 |
| 9780073398273 || -25.45 || 40.80 |
| 9780130212719 || -29.48 || 20.47 |
| 9780199795154 || -29.80 ||  0.20 |
| 9780195395525 || -29.99 ||  3.01 |
| 9780199930159 || -30.32 || -15.77 |
| 9780133942842 || -30.92 || 19.08 |
| 9780133570731 || -31.70 ||  1.05 |
| 9780073386348 || -32.87 || 10.58 |
| 9780133815726 || -33.17 || -6.42 |
| 9780061577079 || -34.75 || -29.01 |
| 9780176673413 || -36.06 || -7.11 |
| 9780130342812 || -37.79 ||  5.21 |
| 9780060921071 || -38.53 || -34.03 |
| 9780143105244 || -39.30 || -35.05 |
| 9780140390797 || -39.75 || -35.50 |
| 9780195442960 || -39.96 || -7.96 |
| 9780140445626 || -40.50 || -35.50 |
| 9780195433616 || -41.57 || -13.57 |
| 9780195139570 || -42.00 || -20.50 |
| 9780199007905 || -43.19 || -33.89 |
| 9780199536511 || -46.24 || -43.54 |
| 9780137792085 || -53.67 || -4.67 |
| 9780176507879 || -54.56 || -30.56 |
| 9780071338875 || -57.26 || -15.26 |
| 9780133071160 || -58.29 || -19.99 |
| 9780205573462 || -384.60 || -348.90 |
===================================
